98081
27887
31847
84059
2081
41318
54425
22540
40456
3300
10694
78511
28162
55089
24728
33274
11211
31445
23237
39106
40495
65466
11528
86258
58047
79947
38287
32888
92790
93015
95541
80408
7387
66831
15429
25356
41737
60631
11485
15026
86413
3090
65194
90563
12433
24147
74078
64324
16159
71353
51957
43721
27189
82199
13000
38705
62888
4538
49703
89355
72451
8510
52605
60156
28266
89828
75561
87202
34783
35746
71563
14376
89002
29718
25447
65094
61577
7463
67996
6420
18623
60953
71137
43133
79241
70059
53033
38643
53891
2002
98878
9336
72546
9107
7940
6503
30552
99843
52205
61598
67425
81351
31515
89757
3687
58010
3410
95285
58590
63632
33098
48553
18591
88582
5384
11297
59267
86137
69271
15894
97726
45802
3981
12079
12066
21270
30493
23086
49819
98981
6052
17175
44885
45710
51387
73749
1528
92818
4384
57903
51224
64547
93612
21532
3616
77839
90540
25786
47051
58076
53640
57351
18844
90364
92305
99183
54801
90
61602
92258
63767
43231
77578
8154
67822
81223
17342
4208
47743
31968
1166
53710
94535
90440
54904
93162
54657
34415
89371
83039
43430
89513
19700
61359
96720
40783
10870
12984
68247
58010
40565
94162
36829
7920
62048
56756
95695
78666
76200
19456
56629
21092
78831
97577
7886
25320
95399
71162
43447
90292
51888
16611
69103
69888
38318
23756
42019
97807
26157
58652
58675
22181
21853
38795
10417
1393
78470
78996
9386
42632
82520
60260
73922
47029
81661
70060
52420
31079
92954
31464
42060
9551
41181
71757
79516
50600
17039
64637
41533
75561
52804
76685
21509
71215
31719
85014
31040
38662
15740
76000
19284
73173
50235
96443
421
32390
60574
22869
68070
86336
3338
73472
1544
12395
92174
11237
73524
57293
21606
29648
73352
27420
68622
70371
36117
38151
95265
98682
43479
76592
70129
24231
28721
60855
84511
65343
31053
55166
59859
99867
58408
77008
75528
3653
96774
58284
62375
91874
10106
66537
92286
54467
26114
74658
40259
43546
99723
46724
7587
91657
63374
56039
76531
18146
64983
10928
25516
84926
97477
77412
5036
46051
19105
17762
16789
34698
2887
69430
2409
1128
49159
46861
28602
77418
38345
47871
27653
38240
72120
59081
94405
27276
61509
21466
20556
67695
30580
44834
48477
34267
61478
22175
44993
53380
3808
92631
78265
8558
72884
70442
49023
63162
9673
76972
79253
19158
5527
30496
75048
85513
19731
42574
31306
23740
68531
52332
82677
45402
63654
13483
44330
52686
64187
61462
60604
33421
98193
48398
68956
6765
922
30045
96494
4806
48999
4024
91420
82044
27759
84007
47124
33357
88853
67774
58475
85740
28089
95814
50545
38339
51581
83131
87051
56985
85629
34203
1695
57092
38372
95275
44377
41262
10973
3017
69759
47807
83780
12205
71406
42474
93544
1723
70894
3922
98033
27574
78610
30
65395
49914
92523
7650
909
99277
5645
40671
57208
28198
72734
98879
23354
94721
67587
69326
10010
33921
31267
89301
18849
99488
83920
78374
64401
78140
93973
65596
19466
30075
56110
86872
67913
15214
89959
60325
41446
9921
26244
97063
31436
46487
61488
58223
11925
79026
69219
9200
63114
88730
43176
31300
58051
9434
98619
85666
80913
57045
541
25642
92239
37694
67221
86574
40701
99750
59485
92088
90864
44560
96216
9719
71582
56316
46813
82516
83322
96301
69555
19277
3963
56217
10758
42232
77179
33875
63333
33740
47627
4534
71552
93928
17037
64647
69969
30712
6346
91009
80104
59356
6314
53589
77223
82442
17764
65339
71730
55619
69953
3360
70894
75985
45721
56213
9401
7328
31757
16184
76262
74283
84721
51350
61315
85540
94492
20342
86591
21898
73401
75707
97912
39695
16516
96452
12283
63755
14769
84740
27694
98098
1590
37417
23882
63414
22370
97182
88268
64476
51526
44196
8825
65768
62762
62243
27251
4121
12713
43709
7093
14870
78937
51086
69841
4490
58798
3585
69401
69058
80718
65392
42735
55815
9681
96848
92356
5617
75074
1099
60573
61051
33161
58460
31092
6524
14214
16118
55063
54135
62748
99350
73040
85652
75390
4666
95799
90760
23794
37510
8351
65666
38601
70722
21060
3834
26013
10162
6898
63817
95093
36840
96053
26218
27601
93006
52188
23571
73577
30242
50817
49407
58284
67150
24907
97222
12945
92835
17248
47630
56904
20562
34752
96775
28114
53207
65453
8701
57173
73201
74195
93450
63045
99227
55299
46138
8399
4615
21775
40943
75340
860
43539
90593
82551
46312
1778
91281
41106
63179
64615
37185
45511
31648
18314
75093
16836
96955
13360
45836
83906
47483
76128
97201
88612
70779
77563
68143
93787
86532
31523
19723
2825
61190
40277
84801
36501
53847
17808
17407
84659
32414
51096
76152
51364
86588
73237
1800
71192
85138
52395
45197
30144
13078
51608
59727
81063
58454
57352
37011
18401
11438
67272
45088
3780
23741
45671
32641
58314
73527
87636
49338
68784
57044
13237
10998
12523
75394
29995
46362
17635
82079
27107
11428
16082
63495
30856
21878
20989
30072
99141
2915
81602
10564
5920
9289
50503
98804
69300
15060
56879
23887
6815
6385
27198
82363
29325
6453
37251
53380
53332
19962
54832
26458
18464
79438
19249
28788
35809
13416
37356
74587
23972
49208
29244
44633
77346
19243
96601
60273
40344
30405
77800
91806
42155
97663
77378
24191
51561
35140
66312
14278
76444
66536
21312
66383
21411
13735
32971
3799
68158
45004
47801
14583
63816
93781
90296
33556
61089
53816
39317
67574
77777
49203
85666
49661
38784
54923
18429
38111
73183
23904
37650
1762
56991
9247
14510
23337
1464
11673
90457
32403
17181
8638
43617
87464
78676
43366
78135
80405
49585
59105
96479
49341
35763
95204
10319
4947
11883
35836
82210
45203
25330
5647
21907
17672
23804
78498
61691
90425
32337
13472
31143
54629
3004
69814
60289
54118
12892
22258
73650
16080
91978
50817
40325
95213
14269
37135
66910
49952
18171
70272
36209
87976
54987
77388
37146
53118
77933
66018
983
94966
76293
86274
83521
75073
1848
44146
83004
15354
93963
82760
94491
1859
14332
73097
60999
72119
7799
53925
67783
51578
16830
52057
14917
83602
66922
2231
90972
73228
38882
99605
63118
36685
70593
47348
83225
60816
54871
91015
78076
6481
42694
90641
30509
24764
67158
23842
5590
8237
98821
49444
88411
15213
71224
61011
49533
87642
16182
41218
81626
54470
55570
12062
81185
63429
10963
54822
49551
5457
76964
35082
47452
81154
53573
16447
96529
42785
84984
17349
2159
18317
18496
57600
12972
4972
15170
79698
71893
31609
13145
8934
20142
21805
84775
69254
79291
21827
97186
395
27916
19043
31142
98610
52355
38543
21203
97017
23204
83929
34220
23540
64437
4882
2353
25140
39003
11045
63526
12603
71792
29865
37722
16402
2192
3599
67588
79481
37487
23238
97684
9006
26134
24467
9565
16825
40306
58466
88016
64527
5942
21171
48107
34086
14455
48805
92055
37930
9513
91712
15660
20075
44983
27316
34912
65418
59129
55488
41697
8782
82083
58090
18497
52269
25784
63371
17359
21621
86394
20555
55491
9613
44574
81283
16297
73709
23581
38205
92025
30002
67781
192
90374
8860
61107
7287
6671
54680
38341
2865
43275
49024
10133
86130
66442
77452
61856
55222
68939
59099
27492
29187
80343
50362
74132
17335
51854
20971
30134
86062
17266
18501
92673
76778
63115
39880
99648
23722
46820
84991
96956
55359
79199
83702
24444
84561
21312
5716
14916
81214
80932
73956
8401
7964
68884
73440
21831
14521
91955
8526
29849
23006
75966
26830
50166
34087
92879
92757
45521
58201
93814
29409
18710
2285
96188
6747
35558
68019
93312
32212
90905
90792
29719
40541
67455
40830
52453
22866
37937
62324
18887
57048
28261
44586
99087
5358
29984
90615
6296
80786
95233
52846
36197
69114
2697
80244
70918
11403
38489
3734
27935
17481
50774
76491
57196
91904
53156
91842
61006
84
60692
38417
79753
69449
32075
18181
7173
33341
63050
56265
62821
46614
12034
73876
97242
66488
28152
38860
90431
5760
10917
43002
12071
24834
59606
95309
95382
66317
97852
61939
13860
43784
50576
33814
78041
45500
42305
32002
29189
69247
21973
74459
19032
89910
27917
81053
28784
10478
53362
31281
39560
13099
70556
67612
43370
75669
30801
3519
98422
78216
78925
27192
77747
37896
29901
58269
62749
60116
70114
39183
12421
79737
46708
46047
26677
72248
78142
33323
92081
66715
45017
41519
75375
51057
20495
94150
50719
86260
88976
15131
8247
68490
83383
65708
98008
47862
19287
50068
23322
70414
40671
94116
24391
50538
62854
60294
58226
94225
65591
7754
50971
39381
67467
95531
39324
35652
19224
83202
94002
38552
67361
77474
67791
96724
78529
2336
64327
69666
76857
42754
16929
61829
48876
44106
90732
93163
25797
13421
12710
86143
78666
99631
47906
68015
85007
74570
43998
50285
55788
50689
49634
24460
93497
14989
38423
27716
38932
60249
26554
4625
81597
60614
12154
10131
47829
95786
17543
23322
1340
68671
77959
12490
57814
73170
35641
17594
20095
27465
37298
6686
63781
64950
65501
52868
47290
44834
90195
16824
14467
23620
72930
76064
45977
90654
90954
75801
43975
81141
31319
99113
13874
57071
78877
58311
98148
59963
43104
51548
87719
14627
81058
29620
74909
67612
53094
25289
46981
18325
95444
40681
7340
9338
51983
84111
62965
96152
56102
51858
90673
29688
33575
95330
81873
29689
45715
48148
78653
40638
81087
6455
40980
11280
87923
33398
80385
29725
72612
5897
54114
63518
99254
49914
68250
90262
96212
30684
49519
68635
39350
83749
77096
90605
15290
38254
22428
79009
28679
55758
53460
94838
97490
99265
34109
849
16916
57797
59875
64412
48006
54669
4323
82406
42432
23111
733
24926
12486
87245
98921
20130
89678
47108
973
25187
80137
78981
91139
77777
65581
31592
54294
69191
55679
67359
96903
44862
99832
95377
40466
34951
34629
12710
60673
40174
18605
18389
21617
38233
80165
39628
28689
67695
20731
16911
1570
94707
21538
27505
43600
63983
55576
13340
78170
62199
45776
68720
11125
85136
74227
25867
13154
57060
2883
95646
56906
17932
53415
4754
95082
20836
23964
38943
7831
12176
81713
97317
75646
35668
43594
39130
17825
60200
76142
74133
56133
99565
6926
79634
18684
91209
62131
4507
50196
67986
48939
73942
72348
56171
95376
22030
91731
19165
24202
47500
98518
52452
12880
41484
70321
54073
40802
23327
43524
98884
73524
39684
44685
8027
27623
822
91471
61632
28360
96221
83657
46062
44502
35001
28559
73291
28383
81417
24687
99869
13000
87462
68296
19227
14462
24788
55167
74494
92182
88637
35505
73375
27593
10216
57581
93007
93004
45098
8224
65538
40095
49641
49721
61866
4793
43677
64141
10906
1849
18265
70956
45831
37697
57935
55118
68202
77903
68105
71844
55837
19233
91366
60932
79303
64910
35178
44140
49380
5391
48412
47905
4026
99437
89389
50243
78825
33410
73455
78837
31233
95045
81624
95219
69992
85928
4031
32832
4016
88336
20992
67826
83287
13966
37227
25482
53708
27185
56552
64320
30363
80370
6676
3328
22593
45176
82587
54340
57116
7140
95431
66905
67165
88788
89560
93688
58996
7353
55219
23790
92834
32252
34410
35813
14004
64579
81637
82675
33581
3399
15254
73637
31423
75254
9520
2395
45071
52337
80147
68310
98408
96322
30206
35820
3360
52966
37081
63722
38696
68279
35673
13787
42417
25727
63117
97156
35841
7594
98172
5109
97202
75164
4305
81313
94547
54336
31196
89530
95110
43230
41589
15128
10638
73751
71043
69774
20858
18319
49388
88774
23100
92057
93616
29684
32142
1911
44445
56316
55905
40310
80966
3326
66970
37312
13839
71236
74166
7348
99215
19873
15960
79098
59221
20646
29505
12189
88664
20349
17148
55888
8732
21535
39176
62284
6469
7138
7231
54586
6303
60401
20327
90402
65934
68264
19727
64546
65450
94982
8676
87325
68468
77804
98263
17936
92631
40320
87717
76855
19552
50792
13208
42870
90346
52424
86345
43349
73855
29800
96726
36709
20788
52862
79385
37234
87265
64753
7733
62434
23294
19436
20516
29643
77564
78782
54431
81903
99789
25448
13691
46094
87956
26846
58299
77100
52449
83229
22433
45924
73876
75444
54220
38101
14827
51757
96078
42152
91210
81049
55237
61892
6526
31092
33120
82937
74370
45333
43672
86637
51309
18938
22239
60755
81158
20120
43752
41866
10976
92277
71941
57222
12291
95167
31546
35952
97118
60110
90464
12405
83999
3971
22367
21483
67441
26020
21927
1564
5165
53467
94442
3854
97127
67659
82198
10741
86594
68840
28723
92379
59792
53867
24820
19046
98600
7518
64834
65856
64666
33496
40976
88340
75559
3228
7899
17377
73711
97607
59477
54359
70935
94953
93183
54301
60477
71681
33812
7747
7464
52217
80258
81424
66118
16801
90874
34989
78320
83643
15483
49076
9358
78373
71884
96790
24832
80455
44864
79655
46603
62730
45681
92943
27448
99037
77440
99521
96034
99360
1314
83224
28221
26472
89223
50405
34218
38875
62920
23839
37583
175
9702
37224
96313
61288
15981
13873
26549
3630
14698
78024
67466
13396
23179
90245
55998
50300
94845
88389
16989
47081
66602
77483
70928
16498
554
54235
98856
29995
49648
95010
33653
27348
61985
46968
33904
87629
65055
22321
71976
17084
31842
85358
13324
6379
69861
29555
33037
4897
33959
81892
98649
90523
45280
78154
94424
44485
18932
16884
21915
4102
83801
21203
73219
67850
59223
99709
56195
49827
52288
84112
50969
84026
49029
72906
25700
3571
19025
38442
12745
23671
40406
81380
30813
70715
24759
91349
11077
48340
27048
42838
81631
6729
7469
95922
2599
88599
83835
61723
35262
34170
36810
83050
67994
97330
32725
61152
97165
59538
8104
53705
56604
18718
45985
8456
93528
55739
3844
92096
14260
27439
83359
26123
84051
77880
99602
60145
74685
45259
99514
71343
83474
94497
63339
57549
89695
51940
98775
87991
55271
31001
29006
7506
73402
59013
49672
96440
51255
71888
54640
8077
99058
9142
34465
59991
56974
43714
71409
72064
90768
86546
27047
57342
62283
86978
62533
77722
78580
41359
12615
34237
14352
10541
99204
67928
75907
3501
73650
52406
86148
65105
25402
64407
1106
40171
99348
44398
13214
86606
66574
85779
16434
73969
82700
52278
74175
67553
8462
5526
70618
85479
42365
68407
37065
67819
97842
25642
10518
76585
35879
77408
49513
10729
77998
75977
16900
48851
31612
89316
58416
89933
26960
46940
22656
6515
9416
17971
25821
34971
80215
22449
43253
80840
79810
6826
55357
75478
26157
35973
59565
43859
23738
81477
98798
71224
99518
15561
60931
52090
82304
79482
66963
8786
16779
19969
64413
12003
93292
45546
87717
68223
18594
92681
44156
7524
91382
40754
94546
99950
60618
11332
71744
41609
15965
99092
87468
91490
94698
89437
92710
57782
98676
12674
89595
37458
99325
27210
39430
76366
54989
15838
72567
276
61048
3829
19317
24637
60036
57106
34908
29220
10366
72677
98338
72598
88877
44572
1309
91021
11122
76839
89226
39142
5873
37754
79046
88672
13732
41433
53346
25872
53502
68369
17705
12653
55102
26918
77182
28005
64236
34186
6874
53338
95708
93322
23599
34642
20188
55722
84372
54603
62501
82495
36285
70682
53345
2462
52981
64397
88202
71050
52229
71514
49399
3523
78536
83006
94662
39284
96458
8279
39856
31354
40504
92531
77417
38666
1804
97710
31829
41776
93204
62252
7921
7853
69176
88852
32001
82114
49927
36617
51595
18072
99741
88746
36981
90431
81124
49433
12401
84810
11774
81230
64752
13551
97360
74570
1580
15169
80018
90646
40710
75087
8341
29332
23038
68356
77898
6843
24181
7508
9526
10800
9637
51828
14644
96985
29951
55975
56841
87934
78642
36927
92694
18785
90041
16267
54974
65651
47392
39877
66220
5384
20834
19678
97662
66353
63834
82086
28514
8141
84230
2962
86662
697
70243
89412
97729
88985
56562
94438
5269
65534
18691
12667
45513
8839
2605
38994
80186
50083
32602
44139
64562
70866
55873
82489
77727
4219
13647
12771
48725
28917
78931
11166
51637
75851
30096
71719
17439
81091
14686
67059
29165
61944
69233
69208
73378
72137
10743
54490
36761
7889
72871
1330
92274
82680
93152
77078
36910
64413
12078
77726
42570
3358
39058
90786
99103
43651
32700
38448
47492
91112
96163
37209
41587
89263
99982
83518
35885
99651
73574
49745
21854
5242
10350
38297
89788
58855
32209
6772
13205
69916
78965
21540
77873
72880
16256
51175
94621
19366
18997
59219
35203
36579
23818
80631
32588
28444
79831
86610
92665
610
91511
88740
10282
49073
8170
86612
38516
32613
47020
15467
3871
6379
24376
68512
56047
99575
22413
26154
90259
42134
80561
5039
56320
30173
21675
98235
22946
89545
4163
35954
57295
50442
18797
68828
16837
41080
81616
57533
40470
30786
41745
49536
67730
35371
95877
83324
69742
66406
94763
98455
89413
69794
77178
49643
9849
33301
71867
32853
17011
16706
68477
89050
2477
67336
65058
20811
15858
92512
54643
44200
21351
63427
59903
82740
66957
61491
60489
65591
72134
13364
78867
38713
61350
6504
87542
27422
82367
63790
61031
65734
29406
58259
84573
79898
41290
17370
74211
45325
4846
36140
66173
985
22970
33701
86991
35631
97307
26404
27588
6826
29296
47059
14467
86668
34005
97513
12126
91151
83020
55594
90356
96905
41267
60630
29796
90359
52383
43279
79750
49882
27431
44903
49243
22382
75499
71403
78366
77116
43043
97952
79283
89719
85268
19743
77976
71673
39348
62443
77925
49991
28477
50055
67107
56097
70200
34473
65755
31828
95768
61240
85646
97747
78852
94766
70755
26847
8130
60066
13793
50091
66530
25465
73982
49303
56458
28873
34963
3009
33226
79788
26580
7288
5751
80428
58561
55699
93338
41066
78121
3343
81064
47500
16909
50555
42168
80643
83357
19850
47084
67111
77531
82293
38947
83806
70022
68291
94703
24195
48480
67717
98205
8170
79953
79992
87876
35674
40023
71788
64056
15795
42135
7011
35438
71538
37595
53411
1328
98307
11580
24959
58301
21142
43518
82312
18666
66990
70022
1088
23689
35233
60401
3141
52704
88429
91022
26785
28618
72488
27485
22737
74325
38020
75442
49583
23371
20238
57639
69674
35346
92463
61361
45867
35805
87435
30340
89683
7712
10586
4422
13084
51813
40629
6279
66280
95026
37243
96014
30826
93128
47932
50585
89194
66790
439
28829
67629
65704
35857
6402
94123
17985
32768
94460
40126
65250
96411
11650
36825
85812
38816
5107
65095
4397
55952
29925
2113
93966
33617
61049
46029
85888
33762
92684
29463
17759
2676
28052
56386
7200
61125
7160
89310
98406
66384
97479
48923
91253
25815
32393
59336
40696
28061
6143
77540
63185
17506
80011
54654
74622
15183
19723
10425
36919
92693
95617
32470
83017
28005
65320
79807
90228
32170
70470
13775
84285
88069
79181
2232
21
87596
24714
78692
73107
56880
51451
73799
35392
47163
71477
69609
33998
18578
77573
35871
43210
76472
2071
4696
64636
52409
69675
4771
51184
93532
97597
21341
56359
46065
7187
35726
25794
19560
11317
91081
67861
20120
59477
66082
77393
5728
45742
49083
14279
15634
15954
17824
93897
41250
91279
73255
60123
54057
37236
92094
14351
41476
51097
34832
80557
16765
17462
79730
47702
76659
91832
60312
34701
94474
58678
34932
37033
44121
59707
51925
50717
46800
12839
70496
31946
45112
50498
94918
99525
78932
10276
2109
30534
37563
42424
48675
93932
34806
11310
22951
97934
46461
71868
66903
85031
32728
9422
72372
10187
5245
71361
26436
77708
51806
32471
14354
16836
93388
39438
50724
70228
17589
20733
79068
3429
1097
40463
19807
49720
45597
48048
46174
85376
8711
71705
37686
38141
44242
14233
70649
15153
36020
74500
40610
70460
87923
87719
9309
13945
14864
31933
65139
64199
37358
96010
15535
26280
42646
90580
40588
69576
85306
32569
71936
14003
84492
71330
5212
43309
87973
67144
24167
78500
18655
47757
25628
61877
81794
80534
78800
43310
66844
54494
59505
51627
76946
96146
94153
85221
62556
95119
43040
74169
84249
38573
4640
13507
2633
25010
87495
53607
78869
78166
87752
87339
4763
42996
5506
37775
67038
71217
41953
47590
61414
33620
69590
26088
85794
22335
57345
64746
94323
22050
51779
7356
4317
88266
67190
21236
18098
56886
22242
15731
13076
24217
22278
45618
39809
28652
18133
25028
33755
25604
32682
1855
31423
6446
81334
87781
20527
14672
98809
94502
71049
6246
90293
20079
82792
1796
58239
43039
291
24512
99489
38850
7393
12869
37719
95735
28994
74677
77081
55910
64847
93108
51853
48758
38048
85832
64012
68238
77271
9187
8746
40594
54190
32344
88314
27042
31966
92464
34396
83009
84956
42360
86153
56420
76866
52086
39417
87529
45947
8339
3363
7488
33537
95709
17037
85379
97662
68766
44680
7788
52691
9171
78306
33418
42452
42891
77953
41596
85275
76187
53657
81252
70152
23991
58236
34746
20613
19649
25723
5458
93218
80190
28800
41336
68099
44188
16181
59872
25085
58745
37590
34923
19274
74372
99969
68655
11244
5799
64553
88065
16890
47786
52162
4197
18937
97095
64157
21322
43465
2110
39572
49168
61353
24231
76430
46188
6058
25958
10682
78545
4642
43367
13135
43885
14828
23088
78157
15651
6289
71479
15145
71339
26951
90541
24322
2110
95203
70505
98833
48677
65864
23661
22353
98811
81406
89123
96163
98602
27646
11941
92877
12582
68835
81160
41906
88511
3897
92423
10002
48242
17151
50119
69704
35376
41216
14771
12202
69376
44091
64955
98464
90605
54534
86662
52469
44409
61243
45656
23807
20377
96157
8947
54672
68716
72565
56544
81020
62631
21430
7668
48208
88020
11762
69211
89926
22624
61587
1645
43971
45912
20841
49138
9794
59664
38001
61590
7202
18349
50054
46626
9676
67563
54122
64241
42802
40315
69883
74422
5419
19642
12094
85881
13604
59290
41287
74526
60677
20165
49355
91997
45871
79448
91109
43727
52287
52933
96111
3234
62376
8930
25147
13816
74754
40209
98378
47454
16885
39679
48722
40836
31212
76615
91173
62659
63941
58869
3258
25835
80351
26949
86389
95974
77762
20117
32195
21107
30511
91920
8555
33611
66486
39438
782
37329
17624
43888
32445
29971
11277
22524
9976
89486
91303
16280
84032
91374
78573
89929
2137
23118
92663
9850
66722
21325
58359
48265
76761
74873
71645
2829
89698
58718
13584
81051
70519
56303
26310
38283
88092
94347
78352
84510
92046
30771
60120
5182
84472
33253
75638
16895
11041
51609
6745
69748
4967
98812
3314
59204
34125
56998
9462
72742
30283
30231
88708
95812
13429
13458
17514
93136
77671
12052
29458
46350
76869
2623
23360
2593
16419
16773
26230
57894
92281
23346
64476
16869
36870
86684
60561
3778
84587
3778
31853
94471
86375
9426
26116
63484
40133
97206
56149
99483
81991
69113
90996
44987
22621
39985
61732
16567
7350
64589
53294
49457
63118
99047
96942
22495
53376
58136
51753
30243
6215
12076
27580
33256
19714
80911
482
237
77746
71725
2111
30779
3645
44776
84438
65573
93389
84810
30629
52891
2266
57958
38012
63830
66261
32590
69680
12929
16065
23728
59643
69536
20766
29147
15862
36380
63542
55181
29456
70475
7949
69076
837
16505
64568
11712
63069
73667
36227
39009
80832
93749
17234
56643
33548
90032
3185
9919
39588
74965
48039
19108
6881
1134
40584
55820
41576
13749
88406
10154
34207
69806
59381
38198
63272
58084
71447
92294
34833
37360
1703
71566
35718
27383
96749
17070
65019
8299
75164
69861
96347
71626
15611
16648
65969
67865
12020
7569
28915
49662
33876
82744
17386
49624
50143
81897
61339
48600
24237
75017
22295
60735
11381
72601
7926
5997
48944
27999
29515
5023
99511
65735
83393
76413
89130
86667
77810
17729
27361
70287
84145
35537
43759
31693
57512
82597
6627
45239
87712
62146
7483
65190
39284
44606
90964
8053
89086
7458
4418
2708
35185
45395
50910
60174
11498
1874
82462
37086
59831
13911
63887
13823
59445
86525
94447
71784
95065
99689
32926
7643
60893
76053
97420
8676
68916
19773
81885
46352
17314
73792
25164
47043
39817
7908
3101
22299
80011
46980
26549
71634
31936
12803
41397
14289
46502
89548
45752
23103
78871
15447
61899
29175
76638
56852
95352
54002
667
34738
82003
15460
61131
46342
3766
29093
24734
59757
18411
3723
33538
16659
11285
52263
55092
29750
87215
92710
57825
47105
15463
54139
12508
55225
48924
69363
79256
45675
26330
88724
35443
14962
5963
48599
72016
25476
3658
11474
50021
80307
12180
28447
24248
88116
91948
16387
52123
92304
87347
25127
96406
38599
85005
46767
68471
15594
74148
66481
6535
30479
34557
70413
43516
65768
15361
50895
19864
80271
58779
98021
14329
59286
43129
55699
13321
3738
23319
57303
42380
54590
5916
67977
19557
67595
72541
27989
63417
31231
60372
95061
73927
54131
73469
48598
83601
1081
28282
58357
80423
51488
27104
79863
40189
57053
76275
72502
57142
34079
64291
33082
32262
82006
70762
384
76684
40650
95859
56807
22164
11254
30615
95967
72460
61998
924
58722
14006
27876
60853
70072
16058
72756
53189
66563
25806
40497
41286
74526
25890
90223
48626
95770
94404
46388
24217
536
36596
1582
67397
19103
32233
62777
13774
71327
68464
40346
83568
24841
29231
34805
65378
70278
12433
32812
58438
60230
47338
34537
99744
19847
33626
2555
63371
36440
60745
66387
42043
26198
79558
62460
9012
17765
88760
7110
67032
39670
2464
79550
85360
43803
55383
66728
74273
8382
32918
21928
43206
8320
19713
69274
68161
12905
67863
65651
80143
67807
27454
76478
93744
758
67717
43440
69048
11621
37409
85239
8373
60587
44089
81973
66115
25264
93754
29714
4685
69307
33466
71540
88758
24403
47427
36352
74215
93603
44161
26601
68051
43291
88124
76378
79853
50525
15638
13425
77027
3893
55974
81316
38077
94207
78861
78390
10786
59786
11313
97010
69991
72609
7256
54028
68560
9693
81972
98482
57635
42250
56124
63028
52827
89466
90472
49215
55845
12514
7380
86039
79954
86604
84883
41868
13439
36035
47612
65984
46630
22563
74788
81421
35588
94870
25343
41858
54831
10389
44069
30998
78343
57939
95566
45979
67000
84689
36989
12204
89836
77608
67781
78067
84194
33595
92525
20540
52962
54843
66730
28692
82463
86652
17250
44169
39428
63820
46661
97231
88204
60644
80015
79513
67204
97246
36229
27855
29292
37872
29617
77642
39118
41176
23638
50147
26855
63839
93833
44111
72745
76996
65188
90993
15791
52777
20006
35601
73565
29276
70570
52329
720
15123
2236
55699
54577
41200
11930
27150
40815
50383
68728
84540
4859
76487
69180
66799
60915
53221
43348
80322
54259
32424
71986
39133
3192
71639
94421
71235
38344
32495
33304
84034
21592
65506
22616
85282
10301
27558
34815
25836
20135
69030
5317
20221
39952
88433
19680
35772
53667
53671
83153
19904
28574
43397
21657
29536
51352
49416
77695
4145
31199
54846
69780
55214
75893
5410
99286
98495
95368
83455
609
881
64075
59564
94377
66349
80305
81240
23011
92327
4346
87895
30706
55287
19966
16933
52705
14546
30619
26441
26459
13324
5397
39228
19947
96792
35456
58912
24150
91945
33382
22972
30988
66856
15011
92242
61289
95968
22548
32201
22131
21324
32082
77413
78126
79094
23824
31433
70990
39311
57946
14976
5167
45510
64396
29462
44494
64467
76863
50419
36272
12574
71453
21073
48566
76053
14974
48436
9482
22126
53635
33600
35322
67343
70636
22497
90380
13922
18250
35555
42204
68399
17970
6698
20379
15858
48979
4131
72875
80934
57776
22894
25269
71837
63404
21470
70621
84344
65057
88597
77515
55027
67298
54136
24499
67367
85721
26072
92291
88600
43721
45347
20749
79960
44570
8464
34073
81436
57268
61284
36324
28151
5100
31491
31999
52146
18395
41290
37909
46426
19423
6461
52826
55027
95245
95034
81395
19790
29995
49897
10078
93347
38642
55589
33992
9338
71007
35917
20815
35227
74909
7150
51401
92946
25110
40363
57855
11978
59192
32974
1823
9632
326
30751
99456
58647
74810
2283
69720
92414
20334
67076
92444
41914
8688
60194
54099
47934
98209
46312
72610
27972
9454
250
87518
27405
95593
51590
39949
28597
64186
22636
10007
76473
43256
70884
98880
7221
44664
31391
76382
86033
6468
13229
70348
51160
41414
50185
86875
38261
15874
92611
65345
74692
49492
93228
1963
89190
78273
27288
49880
71881
25122
94859
36892
80286
71873
55315
80296
98121
12715
51102
87446
34662
47154
90063
81101
13117
51764
33189
74389
69373
12601
63651
34798
20679
87469
76168
68705
94811
50146
84349
12957
42635
75603
41896
63488
44976
3191
10084
20359
83612
72122
50757
38793
58673
83204
39311
52993
76010
93556
85648
37586
90431
49479
64028
60645
22659
41058
60729
49081
50116
72191
44536
61300
23333
44142
77109
51012
16996
47628
79234
24800
97222
30061
98433
96231
15806
69951
73972
70167
54766
4265
5842
84971
31912
25578
45369
20118
22143
82392
54959
4958
75320
4240
74241
34262
35764
69972
49715
21656
35968
51433
52350
61365
29385
46046
992
47397
11892
99922
9096
29549
50047
83902
39917
61419
32134
894
44205
83242
74860
92405
66068
82765
93760
27574
17975
73387
90125
33770
68228
54462
21928
21192
95068
89438
78775
42056
44890
82944
98239
98700
46536
30005
92301
27860
82221
17373
55982
44499
36793
55325
68141
63409
16568
92417
67705
75687
21787
11699
60452
17857
11584
10999
892
64120
88377
84942
44169
98547
24985
4725
5373
39772
42510
33083
56725
29085
62485
23264
20377
88042
13177
52528
57512
24334
45063
66574
86506
60546
77422
86250
646
86951
99156
98542
2043
68982
75484
12295
17020
2104
6900
36928
44780
13192
97437
21680
95933
6186
54406
27716
12610
85770
27992
27762
69447
47609
98418
72664
38281
2108
2307
81910
50079
517
81165
23223
23278
37401
88681
95527
44808
40487
16834
2641
83825
30362
96829
9811
53388
64633
11799
4972
72990
15389
34396
68657
34469
2092
70007
73249
31214
96422
66890
44228
48692
9099
53332
12517
53876
39302
69215
21167
71534
52301
17274
71295
2510
22786
87150
47829
19195
26724
8205
23551
35708
83291
89123
15837
36077
78293
59377
64686
75651
11659
27169
69576
64657
10363
4345
77396
3682
7245
58570
57646
73917
61856
27460
42668
95560
58651
60331
28461
2055
19632
40792
49241
79279
14106
23197
45686
93925
12889
42693
3086
39514
73797
1792
11362
23922
17211
5487
12798
94754
40815
34560
64921
65504
15499
10239
27528
26348
19690
31891
41210
15559
72110
16128
32595
54205
4988
42049
50470
79496
29718
79718
82468
17824
97665
8920
75606
96821
98676
39080
31678
5106
17295
30896
81943
76423
10577
2073
7084
58626
45343
87394
94146
62837
95514
91630
95603
89361
1737
29129
72847
8916
583
32179
72559
23291
33654
15560
7591
41270
33502
863
40798
25494
91699
95272
10555
79899
56100
15417
74748
87111
98007
74633
73263
93353
23411
2828
82774
1434
64721
47652
8393
11187
34356
78355
41682
18400
57152
39202
54834
63387
15273
58848
49077
32384
64576
5789
49113
94226
342
1892
37893
40851
61470
70166
881
51876
91885
88848
67248
85297
32221
69287
33887
65691
73632
43041
5804
81588
72144
76045
55084
4536
77798
77651
54891
38238
85166
97524
51656
6163
7464
76008
12407
53563
9003
50927
91345
20852
52553
29155
67556
16513
25094
5713
91342
77627
21152
91331
87834
94704
67674
38461
69275
85085
17404
93159
38750
9125
1207
63286
83020
95060
39936
72109
65786
58385
80705
10751
7259
25631
11779
21266
77478
84145
48095
87826
86470
52795
6093
76811
61338
7742
15317
62362
48975
44558
94679
18895
74577
24395
79452
68216
89424
63902
29504
99839
6150
3244
81111
22853
60237
99223
20633
59443
79023
99877
6146
76470
20794
12429
95036
20054
26572
96406
42874
80641
99128
23374
68521
28547
34189
40230
66460
82747
64123
6999
38360
48014
51791
85020
59079
4103
69084
94617
24852
80815
52280
75605
49994
79856
86542
67101
90519
65727
71217
38261
63503
98600
88929
92648
24691
45992
17265
8850
66515
12987
30419
6702
25316
5623
45079
25907
69095
44146
69304
69128
90460
20439
60100
45025
3717
22512
9252
14413
58733
17462
15781
22153
53636
69570
3772
66332
26770
25355
12766
20820
25873
85285
40170
63185
30599
33517
14380
29623
7887
95118
22037
27370
46362
73066
8453
44279
85110
52093
67928
69412
52591
95634
96884
57230
59328
74653
30030
69750
21085
59003
52959
98794
99445
22096
12742
44970
76025
55729
90853
55763
78954
86647
7923
17500
26918
87441
91294
6630
89523
52344
34284
67966
40628
21533
81885
46939
31647
59307
97967
17405
86814
74423
36176
30402
80669
89521
44874
54806
9621
30587
94162
11634
8724
43671
93968
59099
69229
16597
90761
74656
94106
1047
27933
31506
49185
5301
93564
58486
15093
12085
22283
70854
1591
29894
41168
18681
37647
9938
15024
96286
83035
37382
71286
22079
90685
1694
42444
55338
44454
39218
9786
55786
98796
68408
72385
44061
88584
90230
86121
56333
71538
98743
57404
41468
5433
7016
51083
5101
11581
14533
84489
49750
22517
4096
89570
2886
57593
97680
30763
97135
83658
34778
65494
83250
45919
72884
47780
62781
11629
48705
56166
57825
80173
92405
71204
25117
53568
39130
38511
41598
72523
49389
31995
85017
94133
27170
98536
1110
66604
48400
19087
78061
23396
34295
55624
62620
53925
48332
25728
30111
8966
12430
2698
83049
97019
83714
23499
47188
98379
19176
77839
48005
75361
18442
93491
39251
19329
48316
64834
39765
93844
80906
76575
21667
77780
96237
57510
19960
68223
94222
68546
28085
5418
11025
86295
70251
3679
40990
70535
85954
75783
64427
4094
6033
80639
61874
41017
27029
287
93161
49552
1579
51442
89666
51989
69914
20799
46016
18983
32655
43246
35173
63809
48863
93062
14918
36837
57854
9149
29675
9190
78403
38813
19330
74316
99403
30593
24885
10399
77905
48039
30028
36324
38567
9303
17818
88766
46848
90889
50321
61063
96057
26296
58062
37714
18463
22562
11637
9168
42392
56793
93816
59775
32401
48068
23758
93100
32051
2850
42757
42362
46136
96873
95260
7547
55535
33914
87789
93060
66014
26894
70326
38282
83418
21992
61483
16021
41983
4015
95464
95243
64650
73907
90316
10570
25135
39339
56069
98547
48461
41191
54444
34201
49783
78205
84508
47882
1575
78830
89210
91218
86429
49885
19409
28629
41164
88804
47491
85370
90945
34525
92090
64763
8179
36907
84330
56844
8996
98180
17259
21704
24408
21905
76049
77470
54862
33579
56269
80279
55260
45881
9239
74922
17798
78836
13546
35607
42905
47811
26847
18855
31960
28466
55594
60673
4940
37640
14629
42964
92298
56201
1604
64712
1485
67410
25703
48308
44838
75830
63332
77341
480
30966
44801
92097
80815
44296
88207
24802
15805
52753
19974
25720
35197
28105
64200
38848
63074
42089
12427
77419
62389
55983
32736
83514
46422
89039
95033
67110
48123
81026
65875
89557
17637
44344
97406
44281
79442
30317
37168
24428
70733
27238
22763
15080
21980
44411
16290
8758
87033
93507
21688
69289
13238
55713
78287
72534
40790
76496
5581
54496
49545
22472
37725
65993
28054
33976
88365
20919
76053
92696
82288
35689
2934
53718
83055
96069
14643
30582
23516
59373
48861
78227
79471
82344
10331
14827
32882
21715
75069
99599
67595
5635
24834
16546
87556
85763
67000
81003
27291
82974
98666
7221
69613
48573
52189
93859
83461
14670
63462
20193
61626
17255
64869
63941
16770
34224
63020
88809
11728
70411
14788
17223
49023
15427
9665
65055
15565
34515
34301
80708
69387
45251
29824
37847
17836
19207
96814
75873
51388
53667
21787
97960
90964
42787
95550
35561
24784
57544
73639
75396
25079
6904
43875
95156
90420
65062
76075
66478
90706
96658
84600
62847
42230
88434
980
13217
348
15716
43095
28259
89392
26210
32882
11864
68090
49874
87403
70488
22843
96789
34104
12006
60512
79177
4798
96405
68764
84538
57690
47606
49095
21371
80691
8796
43211
75796
17382
45575
99440
1095
2265
70974
66796
85209
92934
83598
93987
23013
1519
87498
98955
55543
17989
11784
62652
56582
70854
42801
28974
10677
32322
24462
65258
38065
89003
3298
58944
28053
3206
82062
22985
77891
23166
76502
6186
45462
46414
50497
30464
29851
39607
46265
92263
95342
12360
31795
12341
51405
65002
76905
71817
94881
87690
35671
27710
39627
7939
45564
48481
86235
79739
47496
24587
70588
70182
1695
93670
5288
66372
57716
10271
25341
76140
45285
78559
78912
55239
80472
34962
5471
21678
13980
74781
51693
82136
38620
92187
63924
23097
52410
71526
63001
78986
63097
23745
93973
47470
33324
42891
32648
69776
90943
24362
4650
29722
66627
84612
62225
25689
71486
55850
78428
97023
42262
35402
98116
59362
32049
38369
15796
88727
35952
93378
13743
52457
81852
34073
87682
9199
48882
65994
43080
39775
8593
94058
53884
26797
91380
46185
26352
99421
43779
87389
63623
33819
54559
32805
34938
35092
36504
26402
16966
46541
25342
92959
66002
61461
96673
32485
83986
47954
47379
30377
33617
73540
72713
45382
82288
75758
68559
52408
52894
37797
45733
11211
37448
1578
25855
68478
25155
90632
18730
79088
83859
29622
99381
11184
57621
97316
44433
90700
40689
63121
59303
95486
40745
22096
67753
98614
31534
34367
4207
32927
59983
65352
15687
65841
10920
15257
85716
90639
72996
70104
79146
47081
52983
76457
28489
46451
35324
69877
49259
45039
75127
38098
63703
34858
86833
3452
69125
60957
16690
25590
33382
28184
64217
65407
33663
6382
96355
21321
69276
32774
26498
42395
77768
69670
1316
77069
38829
92757
17588
80120
30989
9519
38776
56323
76567
33979
77601
88960
795
6950
46873
10367
34339
37967
14610
36712
36243
15195
31688
43503
97725
44702
49600
39315
19923
48907
32317
35689
92616
45804
46433
84663
72848
75062
82879
28917
80516
63790
49591
43959
49983
7650
11211
82820
63074
7698
76121
26965
75163
71388
97093
82276
18865
68675
58687
41674
74397
2351
63765
43748
39326
58277
38588
82687
31435
15213
50685
29241
97375
18888
75833
90345
82933
321
1617
46295
34861
87052
87821
42305
94639
12310
82130
41384
4383
67831
88227
6149
30606
75643
5454
30903
67359
31715
44796
14673
221
37989
23766
52963
7048
4925
25659
43783
63252
46800
45446
48255
79942
61406
86058
80261
17042
87505
62003
70023
41292
88187
76471
88917
66407
46203
86595
30242
20997
777
63449
92123
61297
30744
20014
5275
15879
74223
80220
70063
20035
36989
92362
46777
48044
44603
49579
31700
33521
99689
17836
13386
73859
10072
41825
6413
33468
25426
41377
15038
18894
88548
6834
30911
24224
75936
56495
99950
59540
6108
60911
15490
90292
99579
68492
45746
40313
4083
65295
98739
61328
43095
37876
79019
15065
11854
27755
99492
63097
6702
6079
79694
36391
64353
99078
90063
62226
32818
38450
76564
33011
47835
29242
41445
99391
5764
88948
21899
98912
12620
66897
52260
86202
85224
67197
62622
17617
8849
17958
78471
4441
95808
32590
36252
71639
96613
41975
42271
1042
34974
35911
93975
27678
16712
37573
96512
45830
28008
41660
48806
58801
55173
77630
84559
7945
24328
44638
42722
60085
88538
51404
74389
89215
52477
58312
43981
24916
48401
51758
50183
30333
85853
241
79816
52343
32739
52968
4476
59650
58990
49963
18087
27646
1850
97918
45668
66884
45777
26743
4151
71751
86232
99035
93166
23475
51449
87658
32612
71970
80515
92167
48798
55920
49410
7421
99428
97170
19513
59014
40565
98454
15473
821
73453
93233
66256
37553
87864
91567
16723
70219
73299
10331
72944
46620
56649
56970
34583
70497
69793
71254
80406
37267
92822
42682
34610
99648
86486
8486
68099
96891
26778
91548
61800
89192
2960
40538
73430
86636
99100
78216
52586
27971
35801
13780
71417
66495
41281
28069
79977
25470
44829
22092
52244
48979
3613
59752
96905
99637
48926
26593
13670
67781
98567
29163
48477
63142
20762
86446
1700
43500
7449
71256
87427
80791
69093
79992
39370
45740
90917
98201
52255
50098
4390
76308
83148
43469
25396
74504
56561
80360
84541
15486
87706
55037
23288
35121
22367
92469
95210
41936
33357
93930
11596
4464
29054
12098
96919
77093
27113
61913
15892
97773
76015
44929
54279
95259
50631
24343
13428
72640
20462
69871
35884
23408
95500
92796
15894
33036
75162
1566
86662
93597
14158
43787
87307
65874
29696
97615
70475
91084
11233
88245
99531
24029
54217
22677
37254
17273
3314
83070
44744
38837
55302
90565
71201
38263
47713
97982
18698
40206
84100
52777
72706
80659
14968
90042
86916
45914
40654
29842
97064
11966
31127
23550
61291
79815
31540
10844
24900
15277
29008
81429
65101
2686
73884
10776
32431
44969
60698
48624
42904
88881
58326
38957
40323
98789
14343
96035
85755
46013
81017
68793
6823
26781
62616
51804
74078
39267
62797
90902
67002
41765
41156
16635
74303
17044
91932
72283
8370
89451
93703
78430
40470
19772
87855
28235
26871
12742
77811
86198
13843
61395
84134
3784
42449
64647
77499
23371
71699
83565
43510
88613
65697
29271
1619
15518
42352
36369
7573
8898
86047
99638
12497
8328
83140
91781
71362
85816
8218
65540
31953
45868
24207
30991
66840
64668
93138
6419
86518
5970
38161
87646
67789
8283
29310
19905
44910
36133
86812
32904
83046
71174
33922
24509
97164
76396
15746
17607
73660
76526
20232
97977
51824
45814
70930
99204
55389
55932
68925
35613
51336
10494
74659
12800
9217
55221
28021
12070
74478
53550
17626
8620
33344
25262
20890
69781
7733
60378
83643
48231
74942
6696
59809
82797
53054
88957
1575
18808
7793
56760
97363
93628
76194
69338
87704
63826
77832
84167
55758
66566
49232
2715
32700
82511
54135
32696
77660
32884
45936
99682
12075
14920
9412
35075
29524
28441
68782
26466
34985
96785
71598
38837
15577
53216
90526
45733
29434
25640
15239
66115
48147
53488
80525
32396
25366
43162
71502
58296
9474
15808
69279
17458
61199
16213
99391
22310
79790
41331
99432
92936
18983
42090
54770
61846
74255
3715
11636
1649
23402
7890
38491
6066
85278
18377
54746
28832
60360
25296
89640
99011
21015
91753
16743
71369
51497
62684
69475
2472
18971
98661
19684
99928
16465
48602
840
25325
48210
59389
14735
52983
64390
64902
26802
30695
90126
73484
60460
7092
67691
17661
82280
45930
62073
87640
8539
1190
59937
14633
88530
78317
75240
69504
81209
77061
31303
64791
20522
3623
987
42504
86795
83463
98445
68331
30258
73364
74204
28871
5623
45255
20259
78043
18860
80968
44685
12932
4045
94458
58449
90010
24111
8543
47568
71086
7060
56248
77963
17399
54921
87304
3700
20225
17207
93196
57880
63524
25852
83902
80979
91225
28172
84227
48424
46661
16197
60698
36795
90285
10241
35296
39115
93815
72513
65409
3878
94669
12521
53879
1720
43929
3567
86547
42868
11248
17597
7320
29122
95301
40723
7614
57455
4831
7515
90577
63262
59181
66903
77168
8698
9850
60345
83031
51800
82521
29306
16596
67084
836
97536
29470
60430
11141
93895
25769
31260
38813
75914
71554
81964
68223
75920
33994
1443
68633
66088
2008
92499
73136
15798
35206
8276
18016
88581
55812
70145
33650
62764
27305
82867
46224
9989
20147
20435
79756
51715
37495
97013
7123
85168
17252
206
35092
52241
7554
78667
40325
74965
1853
61229
50986
42581
7221
53930
16876
52643
33111
67792
19530
64648
51286
93752
22014
20472
37096
10634
65776
69082
43786
43028
50604
79505
2586
56653
46658
85417
79205
6330
9931
65708
61604
85500
69596
96434
74436
47323
83676
66459
17304
37282
7586
14832
18200
23006
21578
56476
79626
10612
94305
87486
7304
88428
97243
98655
10560
45528
57528
58036
60573
60755
48387
6662
3046
69041
32240
41727
3697
4791
4278
71497
10203
30813
71880
71032
59254
8864
86978
78229
62195
89
47788
22440
75085
95356
76738
53845
24013
69571
20105
12782
73866
95132
18472
58483
61433
74432
73026
28962
85382
57164
52269
14426
38024
4457
86757
73724
22012
72632
39836
67415
72057
27909
96746
46111
79200
39376
89186
65905
24431
15315
35953
59562
42809
89929
25871
10199
10990
49701
51765
34663
56407
27032
12840
35300
19041
16500
73607
69898
16921
83313
88363
89011
92930
11129
66307
92011
89336
72052
72271
17529
19929
18487
12666
12687
61366
42169
50883
70509
51805
95085
49618
24317
42475
25568
67766
34559
35905
33402
58333
32653
14910
64562
95948
97620
15089
46494
5431
92855
29614
89017
84274
13835
71532
31464
87007
21011
13766
80687
49238
76098
77622
56566
91957
71057
35998
31516
3566
76224
60501
96202
3801
34258
81046
6404
88151
866
9623
52942
44280
44326
73726
20302
87666
78007
34423
22299
30950
89776
12661
58362
24593
17471
88191
62866
52363
99776
2265
31573
24963
33596
32736
7679
69820
12811
19144
63089
95607
54832
79931
79755
76633
76920
58247
16205
2127
41388
76632
55729
30008
38615
28461
72928
84487
61743
68693
56517
44360
5007
54114
37134
25863
31804
84661
25385
71568
37261
60460
89446
10620
2545
15524
32844
44422
32006
35719
29993
40449
39199
7156
20758
51934
27813
10311
71192
38663
74500
7284
86352
93681
36950
3005
68296
56544
43353
11603
36546
30313
39537
22002
93535
74507
72097
36639
77161
57242
41880
81711
10049
15012
94171
41119
46457
46499
62808
59206
30270
13836
75129
74103
4598
60309
19567
8376
93437
96161
57622
82298
75143
36822
64225
34197
43370
13810
37344
24590
38207
76834
5352
39090
13678
97338
73616
75554
74030
8645
72399
43142
42172
58096
6045
10930
61058
70576
80485
16452
7970
57644
76421
65920
38933
95335
55181
42306
18659
63915
61291
93468
58218
62382
11864
44540
54951
47690
98003
60212
80016
19696
69225
21871
91853
69509
72232
9133
31572
99411
71394
55585
95009
25007
6645
27104
56997
14706
74615
55705
492
5713
35160
45534
53080
20823
13611
25270
76474
38668
14489
75055
26931
71343
96025
71528
51651
38059
17195
49372
34579
17122
81671
13026
97441
88796
43641
85379
82613
87963
31490
48011
60027
78205
67163
86974
407
95926
74944
88880
1865
40303
37102
98950
17160
76557
89028
22780
4747
25022
19393
81664
49102
28774
51361
54929
17254
97557
1816
73773
2518
19994
65325
96251
99622
78249
42651
7401
58765
93441
95581
88397
94854
34663
3382
74669
45184
26461
77165
8463
26270
28380
33406
37478
4019
71803
25249
89012
3011
24347
82124
36456
24434
46411
55845
37344
100
81775
80841
11787
21943
34140
39667
3477
38842
48780
34511
91476
96261
49883
53723
93791
10369
91262
79834
19608
42944
95952
53684
30067
64885
26447
37424
96855
86800
44595
95417
58845
23130
1801
54719
79816
28974
76436
30908
47875
65363
71083
33183
60926
79962
66108
95535
11069
81644
13314
17550
65808
74705
16099
21590
57056
61922
90339
39832
91000
6029
66416
68531
11250
11147
85080
84485
34931
34778
80247
35803
84563
58170
60563
28099
25317
79827
12466
80660
40980
90636
59623
76515
64597
9775
9311
8800
66509
99727
14983
70825
80669
91122
9221
90157
62028
5430
40259
50336
11916
70211
56314
97805
32933
15499
94957
29766
74180
33743
27385
44377
42892
90875
34688
32015
14925
75577
97141
408
59282
72319
82673
30449
57761
95084
55030
59932
66152
81509
62645
11545
33032
76706
30140
14363
39865
67057
3827
60231
33074
28931
40703
74541
77864
52237
84367
41872
46792
79416
71004
36819
75540
44569
21411
81347
35285
67799
11200
37896
92231
43450
48330
65487
99197
19790
19058
23067
59822
69181
10017
35567
68526
84633
15033
75280
35371
4092
23507
25112
4202
94126
94808
40873
34754
29549
64324
65224
45303
46935
14315
46949
4890
74858
29881
16606
33636
13513
73372
92208
93379
6117
51287
12810
29564
5485
11747
78181
26623
66484
34862
39638
41595
76353
45722
97661
48460
41149
32643
94679
41559
2060
90884
14921
78013
62616
88514
13432
47302
94762
95214
7975
7090
44115
83160
38340
17132
26078
62080
62803
71606
22123
26174
89239
8704
59166
93428
49848
22613
1237
30155
53705
19882
64628
31434
59735
76831
13178
15282
21311
60888
20137
96030
61140
97302
61284
20540
60629
612
65474
53473
7777
98014
4579
70609
33580
75926
61405
62613
76616
65235
71244
73402
1038
84266
49809
45266
81146
34637
6092
24342
6351
26329
25040
35800
41919
42701
30694
95072
14332
68888
83863
7812
58361
92457
24436
15580
95776
27637
71773
31
28786
62425
67794
41587
31584
45738
64727
30573
63507
18292
99220
98863
39289
70492
10089
19032
6178
58245
44723
56281
41115
78483
21950
12157
79078
43245
35843
28618
89624
47352
3646
34555
98865
83728
25878
91766
9651
52130
11490
8990
31610
60101
52939
61820
39554
72622
57582
3047
83911
25006
68636
57468
91615
42906
10677
46089
54034
79437
62867
83525
8952
23205
56277
75218
26781
51291
58796
47304
79618
55151
62101
71004
4197
50175
69865
93421
66564
81212
75699
23935
49212
46754
16084
11518
6181
67560
9695
39250
65342
47477
4815
72362
86282
97897
43065
30009
49497
99012
96410
26762
15430
96777
79740
84820
62706
68077
52371
24335
21007
35385
4034
37649
69068
46868
90552
38740
78883
27804
98137
30608
86758
84518
22420
34931
38785
70086
59507
39358
43786
32857
72336
43155
8668
10711
5348
65210
65583
35003
65533
57788
48098
63319
81037
99479
33898
54551
32093
19518
39878
55606
70300
35687
57458
89122
62987
80903
57163
94017
4213
93998
89824
16530
51023
82539
33560
68095
24900
60667
54054
96841
6890
27775
44682
14209
20330
4569
6614
52612
12502
39152
92856
91048
61255
71285
29108
23126
63874
51200
97648
61356
63066
66157
67151
19336
32097
67113
26616
95338
31839
694
34137
63296
77320
57284
88060
42320
29528
89129
35051
42674
77633
15727
21562
96988
7578
60654
2962
11386
14890
30374
81006
72243
94362
1808
25409
74933
2450
21277
5920
59594
4927
96965
1485
84156
76220
71742
73936
50340
71853
52701
51493
78481
21891
8346
88704
18199
77175
55190
68046
85893
76012
25485
6006
71806
55103
92754
7081
59173
56610
32511
85197
16850
88883
65540
4063
74336
70707
67087
39333
54541
21078
67355
4780
23641
97089
71176
32608
93121
88551
58245
55388
89778
46672
32627
36341
43309
42296
51691
24396
9189
82593
43200
9090
65549
24894
77795
49502
95530
25020
16684
56757
11567
81492
43313
54384
54059
32509
60390
99595
5913
2013
65213
2782
58331
51363
32774
81429
98851
68575
11267
49467
48797
67805
6061
70675
78416
87502
6095
21287
93517
97591
17586
63341
37927
99641
87185
39446
92144
22374
8332
24582
75933
37612
73989
82073
85842
63490
87415
75581
41269
97312
97290
80992
11135
37093
72268
2518
12211
50329
94579
50501
92841
48909
89301
23645
37412
94497
95220
30924
24020
59575
24509
52080
11609
25595
76753
42153
69694
27700
45239
5284
47134
44697
29187
4158
85148
61851
77729
35762
70005
53377
4646
92636
92189
24778
72756
46848
25348
42752
73664
88643
59286
27814
2103
17335
42411
54448
66078
8102
56459
86043
97549
89066
40027
60460
97798
75114
6218
53577
62543
93631
51315
10637
46585
1839
38968
68119
74532
30287
33870
40510
34929
50216
73234
36709
11255
31966
78844
8799
99442
54883
22644
81209
65114
90919
40451
85214
57149
80109
51184
74023
10202
90790
60656
18600
15503
79869
72558
87809
29362
50398
33790
96766
2486
42332
36333
29353
67664
35640
27601
26724
23471
36065
54581
86804
2432
61486
82187
37128
70401
23884
80953
6998
42858
77382
68497
11304
54528
65544
77821
57619
31497
80363
94520
45615
2922
95187
31526
26221
31613
67194
11405
71342
83109
39940
84321
35371
32211
29690
50289
96063
85866
17513
8995
11124
16570
66257
90764
25435
8449
49555
47015
74407
89444
89139
769
67020
63079
99844
51197
58686
94951
49643
11275
95282
68039
37147
26187
16862
59946
75792
14852
64322
87278
89968
6018
70148
67146
7411
97237
24556
48286
35076
68566
21412
84335
9867
56479
39339
19788
65345
2032
29730
59574
43812
74564
35374
49024
92162
70434
66140
58601
8963
34514
90533
58108
8548
25629
43813
49899
61008
49405
67531
99511
16203
8874
82674
74067
75455
22821
34651
26847
70321
80161
60221
82137
91301
54539
86228
62216
14904
45723
25449
93368
61575
35115
54311
28428
65963
7240
50083
53959
70422
5662
6506
1120
92281
81294
1057
2780
57908
2023
76653
3490
71887
25715
83769
78208
50752
40820
40721
45759
37824
2697
37811
38533
53005
27291
88319
9714
78949
56803
15786
69227
92992
63571
20600
57205
36854
95092
31514
83607
17861
62867
66534
44961
54193
72794
42616
69819
36988
46440
32447
23764
436
55503
92067
50083
95962
19477
567
85885
24955
63791
22942
23785
73606
79437
13415
58646
16254
77968
49880
52607
95113
64765
63963
26025
44552
7550
34088
59758
46455
19679
6918
92332
10414
23007
27682
70754
88782
73353
80231
6360
33941
46626
99996
52139
24384
28058
63665
87857
83871
7255
63332
18568
500
11305
78100
70634
20370
87014
6277
52907
54358
5279
7616
5359
22
2289
23842
42946
15800
26257
73149
40553
35343
14669
79488
38021
94727
57340
92812
92307
74826
17951
28722
51254
82104
58875
98018
71027
41305
55977
471
63229
98465
64035
4184
85114
43650
44883
75076
14783
41867
928
4870
51792
35804
46211
14066
76133
99708
8446
88424
41749
79950
46831
12096
80053
46420
50021
54859
19030
38478
30016
48148
20333
23970
27513
78402
54544
31576
13430
98216
88407
67153
52205
83279
34172
82416
31941
18310
85302
6641
97835
11969
45772
47688
30819
99823
4923
2266
21672
3981
99374
29953
67602
38097
91710
80486
14989
57891
43871
76025
66319
15292
18771
72931
4230
74639
64748
94722
67796
23310
52002
19169
48740
71529
36859
49532
84735
42177
40076
25294
97168
87216
42027
52942
30439
50327
48870
68098
38184
20947
35578
85405
92215
50711
5032
45874
30559
15575
41732
86021
26931
12673
45419
98987
96537
36431
6644
52905
1964
29163
64783
64261
82654
18822
75444
68422
63052
78417
82692
63433
58973
80260
61894
7250
55305
30273
37398
46089
205
53714
1050
29032
54481
68915
92859
60109
91999
34968
90223
41290
62845
35733
94569
66453
34498
70604
42704
63773
27810
33545
15381
91492
11357
45137
39734
31889
4570
27866
29296
82459
2789
90486
16002
93758
21999
95207
29644
64587
24490
68887
53734
17281
98027
89442
55409
4362
11955
23015
40013
78029
47330
72123
63877
99719
11219
53426
11841
60840
96096
65383
25462
10229
92425
78408
61307
53512
81646
79818
36607
88321
96784
14258
57419
85173
59324
28660
51327
8166
99631
68574
27508
30380
9868
87488
68429
80101
49979
4812
5818
57551
27924
68846
84968
65703
61549
40493
82258
55783
82222
81095
42039
39264
7736
26277
252
13900
41152
75046
87043
68295
74905
99922
78144
16192
63158
33124
13176
80432
49176
39771
915
48766
60870
31852
17788
91282
58916
56674
89484
93597
94882
34872
10454
30896
25455
26973
22376
40434
28122
35768
5364
65006
82377
35858
55087
41378
72514
73818
62384
54978
24859
24241
43308
80746
77511
28298
19368
20504
47987
7171
51320
70214
28854
56570
55290
80989
42571
59369
58271
43455
35737
42793
64966
22198
63920
54692
25611
70505
28121
15958
70302
29256
49717
37658
64387
354
34492
49604
77662
3462
39395
92074
44218
80327
53304
26812
31832
76560
8143
69517
23435
21692
33645
14168
95655
29643
34898
23505
69827
12627
37296
99409
6856
79760
6864
48201
11470
21181
1255
16946
88219
6718
37709
83035
21081
67375
80419
63362
16585
55987
93534
46633
70503
98945
76164
98012
39851
22153
29246
9990
15420
9281
44707
38235
78668
56694
10622
64576
89930
49183
69767
61910
21307
79635
28584
86284
8791
81462
38571
46550
2181
79930
87989
23612
15336
30461
45015
55993
40141
10229
1780
36345
19060
3083
75115
30407
29080
67423
95484
41023
27131
60657
7431
37799
44697
29083
56986
8959
79153
84685
23939
77709
94554
81138
59024
10869
61340
64961
14563
94990
3322
52118
33463
29636
60807
96163
70331
4137
2861
84183
50816
3059
83792
15810
42731
7747
51018
6876
75025
40384
88978
63606
44465
17641
58898
85892
6225
28691
62059
93135
61897
98877
23292
27485
86883
12268
50296
87023
37281
76206
46923
93780
29042
42544
68435
76468
22985
14209
98018
78619
12838
9346
63875
84311
46166
95448
80480
32000
17053
7185
58019
911
89066
27884
86708
47836
48589
6511
11039
55052
14751
68393
18084
88479
71711
47853
26713
72108
5968
7587
71008
22873
68862
60790
24877
41936
55487
86944
23083
8965
10200
24175
72377
95235
14998
29829
26965
82554
71597
84941
1226
97034
27686
70993
97679
30134
37814
17787
37387
61736
68117
15228
24550
78718
61589
88737
86151
18066
41375
41005
98203
90443
18643
12716
8113
66915
44078
12431
28798
30674
98605
18622
27541
54687
76491
98113
10929
60569
88605
64282
75743
60561
83649
78684
74946
91224
11699
4474
6387
56633
66345
66143
10686
27643
22069
58377
12485
98690
45428
2099
48060
36538
1480
26774
49732
16547
97150
16533
41629
12219
97097
93257
29520
84671
96769
48428
56035
12936
50866
86690
59310
32391
43045
13429
15469
15303
68185
48614
44504
74653
49629
81309
79719
38241
77929
56739
21513
67449
31875
752
87333
60450
34389
64430
94562
286
97161
80924
65166
92056
5432
63419
8758
47361
27592
46361
44877
92856
85016
56394
12264
20750
49007
74690
80529
42980
99969
27958
32589
92745
35912
30282
27037
17170
54173
31861
99637
98007
62106
63786
28925
60724
84869
82881
31068
86856
42745
27118
49577
94172
55305
48696
6908
28219
19186
63859
63093
41865
32651
15366
61901
25945
51365
72810
62160
32739
18438
10954
12626
53556
15672
35948
57216
50233
67694
91547
32009
87739
25189
15751
19477
99398
36966
73812
55964
85756
44973
7514
72009
50024
25699
50470
8806
68382
58376
27158
81074
17871
66152
68120
52293
33717
39761
15648
61318
39849
97552
4285
57652
21129
72290
30141
52668
38922
28749
35618
186
31280
12202
17554
80663
32516
49224
71895
89472
91685
34209
77900
3292
91838
93489
73140
55427
78941
45130
34714
26696
89497
54675
64591
16621
33038
66612
44395
32981
58927
73718
41797
65134
41093
61550
77729
11950
99316
45888
25228
55172
72208
30412
19365
86663
34302
78743
22042
85016
68474
76971
40461
40059
35743
60962
32905
38454
99225
93205
80646
75666
10816
60744
11586
19312
96712
90396
19445
23395
24182
63644
89098
19117
96020
5554
9804
21106
48182
95255
24461
86620
36037
35762
45399
94487
6700
71167
97215
74405
26115
52135
34882
37378
35017
3199
5210
78183
33248
51960
70692
46979
49851
91147
6196
37019
69545
89757
79522
62928
76214
83767
39336
23496
89707
30543
63217
93381
6976
9564
7316
36723
60966
67772
7605
47430
67084
39192
19474
50044
73995
20439
18486
29786
54764
48794
22306
28069
31824
6210
5429
68407
56681
39544
27846
29360
22016
2952
68997
18166
27707
61764
45602
26954
66720
24020
87166
81742
46256
36171
9013
7885
30299
59431
62128
19474
29087
63100
47396
33924
36880
79671
97895
75618
94595
30514
65756
56748
63109
86706
43021
78153
36276
51407
44187
24637
85893
19558
84096
23194
35180
3040
93961
69905
49634
12176
74113
9782
63823
581
71049
95508
68364
2617
65954
6878
56442
42374
83127
69877
8163
61518
7406
86930
803
24901
53733
82741
42320
89307
84302
45149
55695
95724
5294
9900
88791
51569
71875
58102
86463
60224
83114
829
76716
25975
20209
88797
30099
80327
26897
22996
25732
64019
82633
3502
16946
52660
50843
48284
63729
14933
60557
23440
85416
41484
97841
14933
13661
89711
96255
25877
63098
92547
16612
23720
32768
51536
17723
13916
64505
96298
72233
12628
23969
85432
56899
62989
37649
57827
44729
72933
13412
69395
28764
59039
78668
2707
54829
38101
69990
73932
64804
86833
60159
35486
15483
77107
86953
53528
69474
44930
149
61986
57511
57608
24218
48841
28920
84605
3328
39700
34867
88835
99638
89849
89310
5257
9240
79345
40803
31530
63265
83703
16615
84298
43294
64363
11258
36280
92088
91783
40128
74426
21061
69712
45532
88055
42297
10921
88415
98064
52586
49880
27519
73410
81636
7820
86035
58156
54512
71720
69626
41724
92038
80274
38822
9587
43076
13211
82206
52268
89156
10861
86571
39714
25441
82871
29912
93671
84152
40836
39321
93565
32194
26994
32377
48133
92506
72842
12840
88487
89481
390
56144
50924
38495
19537
57509
62123
64979
8270
27143
20702
64410
31960
65451
54091
1597
1223
76580
97562
18162
89224
61342
97204
91376
59854
34946
40372
85796
72829
20765
12225
3403
85750
47658
94761
89790
34448
48102
99671
33123
46329
5657
289
19797
64834
34949
64088
86700
10539
11915
69575
91535
25335
34378
69705
47526
49913
69488
4029
270
3023
6709
41891
14039
52972
59352
64447
2177
65208
34767
95912
95985
79403
1139
60734
21788
18779
61187
96316
20292
44790
48913
78633
83027
14415
84564
87050
60649
66866
59891
3440
38553
98146
34439
81258
91416
21408
86879
57781
35859
5825
41238
61999
64859
57543
62767
37535
14616
59425
92993
44753
95891
20125
6638
5580
23414
86067
16736
80284
79887
66234
68983
46827
44773
39430
87204
13066
90166
86494
92592
64000
88355
423
60900
25614
3471
61257
85249
43588
84197
10363
58323
94080
77614
33629
57473
95848
93391
93799
34988
73331
27098
45980
23616
19820
82818
59886
17466
11895
85573
13201
3206
452
48167
87829
48525
98765
11993
69367
36081
87027
24298
2574
31556
77855
93830
89623
31686
24738
70126
22291
47500
15038
54527
68058
67496
19575
2296
19056
73005
68873
81897
73962
34303
59619
2582
48084
37203
78944
10305
53798
64859
3250
47211
26796
87276
23534
71410
93712
47991
90872
71291
78913
45021
56465
81851
63932
22016
32387
24923
38581
44452
79050
19528
73032
69898
93165
257
76203
7936
37283
63640
24481
39352
19205
23971
59537
11113
94225
67997
27653
27147
48568
86855
26753
6970
44671
64262
7668
29833
31597
18881
49904
43842
45499
13433
83591
48006
71006
71573
61881
69138
38637
39454
57423
82167
20937
94897
28223
75857
63494
67231
11523
1758
24618
27895
95308
75948
93252
39438
97884
63077
42720
13907
61408
23979
76267
31188
13183
20536
89644
4310
53959
28972
1876
60848
80475
95323
47318
45927
11952
10288
68948
23832
44216
72370
47
46875
35189
28935
54803
87191
30339
37086
48125
68776
54680
18564
69967
67287
8262
88723
45164
21535
78580
72315
581
60852
53723
86932
55386
10139
96144
82304
82924
25658
69728
76469
49060
94990
81746
74942
58096
5477
3301
16126
62106
28506
29393
82561
44624
51861
56118
94835
22909
99073
1513
44202
39329
35844
82955
11287
8067
26003
60335
82906
91121
20803
19262
67120
25247
77085
4857
40344
85297
40116
10461
849
29487
61555
18135
57520
39249
80925
4905
44363
36938
65012
85543
5542
62175
43385
43635
158
5863
26499
59021
31401
98152
59933
55922
59594
72053
50707
31377
94928
97177
93374
64011
85894
87495
79499
84646
33558
93503
13473
71576
3535
23460
8025
67505
3582
98812
73912
98148
57840
8332
38790
48773
83116
90260
70622
68701
99431
27722
61970
71925
74759
65681
23666
65727
68461
78402
92686
8601
64076
3603
89931
99124
15876
20477
92659
42002
80393
50315
91614
53993
85240
60565
61902
22506
7854
19457
49200
8795
13310
60035
39991
85215
51587
70501
31605
61148
2082
44941
34535
24121
50236
72692
65019
69251
24998
78004
96936
67546
21143
8120
49013
14816
4005
54784
276
42646
52498
25309
75349
91761
2012
93868
78597
57156
39193
61938
11463
24722
13766
69116
4952
52735
34928
